0.0007264614105224609
7.3909759521484375e-06
0.0006587505340576172
1.239776611328125e-05
0.0007069110870361328
6.198883056640625e-06
0.000560760498046875
5.7220458984375e-06
0.0007412433624267578
5.7220458984375e-06
0.0005383491516113281
5.7220458984375e-06
0.0004973411560058594
5.9604644775390625e-06
0.0005216598510742188
4.0531158447265625e-06
0.0005176067352294922
5.9604644775390625e-06
0.0007250308990478516
5.7220458984375e-06
0.0012230873107910156
5.9604644775390625e-06
0.0006661415100097656
5.0067901611328125e-06
0.0006299018859863281
5.4836273193359375e-06
0.0008096694946289062
4.5299530029296875e-06
0.00070953369140625
5.7220458984375e-06
0.0007917881011962891
6.198883056640625e-06
0.0006082057952880859
6.198883056640625e-06
0.0007596015930175781
5.9604644775390625e-06
0.0007336139678955078
7.62939453125e-06
0.0007593631744384766
5.9604644775390625e-06
0.0006747245788574219
7.152557373046875e-06
0.0007059574127197266
4.76837158203125e-06
0.0005986690521240234
6.4373016357421875e-06
0.001108407974243164
5.0067901611328125e-06
0.0007603168487548828
5.4836273193359375e-06
0.0006585121154785156
1.0013580322265625e-05
0.0013186931610107422
6.198883056640625e-06
0.0009784698486328125
5.7220458984375e-06
0.0006816387176513672
5.7220458984375e-06
0.0006263256072998047
3.910064697265625e-05
0.0005619525909423828
5.0067901611328125e-06
0.0006613731384277344
7.867813110351562e-06
0.0005342960357666016
5.7220458984375e-06
0.0006842613220214844
5.4836273193359375e-06
0.00057220458984375
5.245208740234375e-06
0.001064300537109375
5.4836273193359375e-06
0.0006663799285888672
5.245208740234375e-06
0.0006999969482421875
5.7220458984375e-06
0.0006606578826904297
5.9604644775390625e-06
0.0008678436279296875
5.7220458984375e-06
0.0006158351898193359
5.7220458984375e-06
0.0005831718444824219
5.9604644775390625e-06
0.0005323886871337891
7.62939453125e-06
0.000720977783203125
5.245208740234375e-06
0.0010428428649902344
5.0067901611328125e-06
0.00092315673828125
5.4836273193359375e-06
0.0006628036499023438
5.7220458984375e-06
0.0016367435455322266
6.4373016357421875e-06
0.0010101795196533203
1.1205673217773438e-05
0.0006718635559082031
5.7220458984375e-06
