0.007864952087402344
0.008264780044555664
0.007465362548828125
0.006988525390625
0.007946014404296875
0.009441614151000977
0.009105443954467773
0.006924152374267578
0.007689237594604492
0.0069429874420166016
0.008758783340454102
0.006836652755737305
0.0069828033447265625
0.009278297424316406
0.008048534393310547
0.009307622909545898
0.00797414779663086
0.007836341857910156
0.0073299407958984375
0.007483243942260742
0.008012056350708008
0.006630659103393555
0.006979465484619141
0.007336616516113281
0.0085906982421875
0.006427288055419922
0.00890493392944336
0.00888967514038086
0.008266448974609375
0.029865026473999023
0.01656055450439453
0.011938810348510742
0.011931896209716797
0.008424997329711914
0.00908207893371582
0.008741378784179688
0.006784200668334961
0.010293722152709961
0.0068111419677734375
0.006399869918823242
0.0072786808013916016
0.006806850433349609
0.007493257522583008
0.0070188045501708984
0.006903648376464844
0.006704807281494141
0.007447004318237305
0.007401227951049805
0.007300853729248047
0.007977962493896484
0.007938623428344727
0.006745338439941406
0.007234096527099609
0.008284807205200195
0.007066488265991211
0.0072896480560302734
0.007625579833984375
0.0072367191314697266
0.006484270095825195
0.007456541061401367
0.0065746307373046875
0.006701231002807617
0.020046234130859375
0.014887809753417969
0.016719818115234375
0.013098716735839844
0.008839130401611328
0.00910639762878418
0.007410526275634766
0.006308794021606445
0.0075397491455078125
0.007220029830932617
0.0066378116607666016
0.007089853286743164
0.00745844841003418
0.0071413516998291016
0.006762504577636719
0.009525060653686523
0.006850719451904297
0.006581783294677734
0.009375572204589844
0.010686159133911133
0.008339881896972656
0.009121179580688477
0.007685422897338867
0.008228778839111328
0.007478237152099609
0.00865626335144043
0.007359743118286133
0.007379055023193359
0.006920576095581055
0.007965326309204102
0.007796764373779297
0.0065610408782958984
0.00684356689453125
0.007200717926025391
0.007462501525878906
0.007426023483276367
0.008670806884765625
0.010396480560302734
