0.0006003379821777344
5.4836273193359375e-06
0.0005238056182861328
5.245208740234375e-06
0.000583648681640625
5.7220458984375e-06
0.00044918060302734375
5.0067901611328125e-06
0.0004987716674804688
5.0067901611328125e-06
0.0005249977111816406
6.198883056640625e-06
0.00048232078552246094
5.4836273193359375e-06
0.0004868507385253906
5.7220458984375e-06
0.0006020069122314453
4.76837158203125e-06
0.0006811618804931641
5.245208740234375e-06
0.0005419254302978516
7.152557373046875e-06
0.0005023479461669922
5.245208740234375e-06
0.0004851818084716797
2.5510787963867188e-05
0.0006918907165527344
6.4373016357421875e-06
0.000598907470703125
5.9604644775390625e-06
0.0005064010620117188
7.3909759521484375e-06
0.0004405975341796875
4.5299530029296875e-06
0.0004980564117431641
5.4836273193359375e-06
0.0005564689636230469
5.0067901611328125e-06
0.0006957054138183594
5.7220458984375e-06
0.0004515647888183594
5.4836273193359375e-06
0.0004394054412841797
8.58306884765625e-06
0.0006120204925537109
5.9604644775390625e-06
0.0010879039764404297
5.245208740234375e-06
0.0005292892456054688
5.7220458984375e-06
0.0006499290466308594
5.9604644775390625e-06
0.0004734992980957031
5.7220458984375e-06
0.0005788803100585938
6.9141387939453125e-06
0.0006606578826904297
4.76837158203125e-06
0.0011196136474609375
5.9604644775390625e-06
0.0005662441253662109
5.0067901611328125e-06
0.0005764961242675781
6.198883056640625e-06
0.0005328655242919922
5.7220458984375e-06
0.0006906986236572266
5.245208740234375e-06
0.0005564689636230469
5.9604644775390625e-06
0.0005986690521240234
5.245208740234375e-06
0.0005960464477539062
6.198883056640625e-06
0.0006718635559082031
4.5299530029296875e-06
0.0006306171417236328
5.7220458984375e-06
0.0007576942443847656
5.7220458984375e-06
0.0005786418914794922
5.4836273193359375e-06
0.0004649162292480469
5.7220458984375e-06
0.0006201267242431641
6.198883056640625e-06
0.0013735294342041016
7.867813110351562e-06
0.00066375732421875
5.4836273193359375e-06
0.0009677410125732422
5.0067901611328125e-06
0.0014581680297851562
5.0067901611328125e-06
0.001027822494506836
6.9141387939453125e-06
0.0005860328674316406
5.4836273193359375e-06
0.0005602836608886719
8.821487426757812e-06
