0.0006749629974365234
5.245208740234375e-06
0.001020669937133789
5.7220458984375e-06
0.0012805461883544922
5.4836273193359375e-06
0.0010595321655273438
6.198883056640625e-06
0.0004851818084716797
5.0067901611328125e-06
0.0007612705230712891
6.9141387939453125e-06
0.0007824897766113281
5.4836273193359375e-06
0.0006070137023925781
5.9604644775390625e-06
0.0007879734039306641
5.9604644775390625e-06
0.0012366771697998047
5.0067901611328125e-06
0.0006299018859863281
5.7220458984375e-06
0.0008299350738525391
9.059906005859375e-06
0.0006909370422363281
6.4373016357421875e-06
0.0008518695831298828
7.867813110351562e-06
0.0007719993591308594
6.4373016357421875e-06
0.0009157657623291016
7.3909759521484375e-06
0.0005230903625488281
5.4836273193359375e-06
0.0009264945983886719
5.7220458984375e-06
0.0009484291076660156
7.152557373046875e-06
0.0006251335144042969
5.245208740234375e-06
0.0008041858673095703
6.198883056640625e-06
0.0006263256072998047
5.7220458984375e-06
0.0009059906005859375
1.239776611328125e-05
0.0006077289581298828
5.9604644775390625e-06
0.0006573200225830078
2.574920654296875e-05
0.0005526542663574219
6.67572021484375e-06
0.0007371902465820312
8.106231689453125e-06
0.0005998611450195312
5.245208740234375e-06
0.0009572505950927734
5.9604644775390625e-06
0.0007948875427246094
6.4373016357421875e-06
0.0011229515075683594
6.198883056640625e-06
0.0007681846618652344
5.9604644775390625e-06
0.0013108253479003906
4.5299530029296875e-06
0.0006349086761474609
5.7220458984375e-06
0.0006194114685058594
5.7220458984375e-06
0.0006170272827148438
5.0067901611328125e-06
0.0006561279296875
5.245208740234375e-06
0.0007085800170898438
6.198883056640625e-06
0.0006291866302490234
6.198883056640625e-06
0.0006749629974365234
1.0251998901367188e-05
0.0008521080017089844
6.9141387939453125e-06
0.0005304813385009766
5.245208740234375e-06
0.0006449222564697266
5.4836273193359375e-06
0.0005793571472167969
5.9604644775390625e-06
0.0006139278411865234
5.7220458984375e-06
0.0009045600891113281
5.7220458984375e-06
0.0007443428039550781
5.4836273193359375e-06
0.0005617141723632812
5.245208740234375e-06
0.0005981922149658203
5.7220458984375e-06
0.0006513595581054688
6.198883056640625e-06
