0.001363515853881836
7.152557373046875e-06
0.0012819766998291016
7.62939453125e-06
0.0010771751403808594
9.059906005859375e-06
0.001049041748046875
1.1205673217773438e-05
0.001157999038696289
7.62939453125e-06
0.0008914470672607422
8.106231689453125e-06
0.0012209415435791016
1.0013580322265625e-05
0.0011527538299560547
8.344650268554688e-06
0.001058340072631836
9.5367431640625e-06
0.0010747909545898438
8.106231689453125e-06
0.0006356239318847656
5.7220458984375e-06
0.0006113052368164062
5.4836273193359375e-06
0.0006387233734130859
5.7220458984375e-06
0.0006394386291503906
6.9141387939453125e-06
0.0005779266357421875
6.198883056640625e-06
0.0006272792816162109
7.62939453125e-06
0.0006358623504638672
8.58306884765625e-06
0.0008225440979003906
5.9604644775390625e-06
0.0006439685821533203
6.198883056640625e-06
0.0006997585296630859
8.106231689453125e-06
0.0006639957427978516
5.4836273193359375e-06
0.002126455307006836
5.4836273193359375e-06
0.0006251335144042969
5.9604644775390625e-06
0.0006086826324462891
5.0067901611328125e-06
0.0014910697937011719
6.198883056640625e-06
0.0007586479187011719
5.4836273193359375e-06
0.001135110855102539
6.4373016357421875e-06
0.0008211135864257812
6.198883056640625e-06
0.001146554946899414
4.76837158203125e-06
0.0011336803436279297
7.3909759521484375e-06
0.0009388923645019531
8.344650268554688e-06
0.002315044403076172
7.62939453125e-06
0.0011026859283447266
5.7220458984375e-06
0.0010173320770263672
5.7220458984375e-06
0.0007631778717041016
5.4836273193359375e-06
0.0006618499755859375
6.198883056640625e-06
0.0012049674987792969
6.198883056640625e-06
0.00047779083251953125
5.245208740234375e-06
0.0007038116455078125
5.7220458984375e-06
0.0008788108825683594
1.0251998901367188e-05
0.0008051395416259766
7.867813110351562e-06
0.0015788078308105469
7.867813110351562e-06
0.001054525375366211
8.821487426757812e-06
0.0013575553894042969
6.4373016357421875e-06
0.0006499290466308594
5.7220458984375e-06
0.0011019706726074219
8.821487426757812e-06
0.0006268024444580078
5.7220458984375e-06
0.0018572807312011719
5.245208740234375e-06
0.0005958080291748047
5.4836273193359375e-06
0.00069427490234375
5.9604644775390625e-06
