0.007706880569458008
0.006901264190673828
0.007568836212158203
0.008867502212524414
0.0077822208404541016
0.006952047348022461
0.007346153259277344
0.0077402591705322266
0.00745844841003418
0.006894111633300781
0.007209300994873047
0.008826017379760742
0.006951332092285156
0.006516695022583008
0.0065767765045166016
0.00725102424621582
0.008098363876342773
0.007220268249511719
0.03243732452392578
0.026547670364379883
0.020679712295532227
0.013031721115112305
0.014052867889404297
0.009978532791137695
0.010290145874023438
0.008211135864257812
0.008186101913452148
0.006882905960083008
0.007161617279052734
0.006742954254150391
0.007172584533691406
0.007059335708618164
0.007029294967651367
0.006659507751464844
0.007590293884277344
0.007004976272583008
0.007046222686767578
0.006646871566772461
0.009095430374145508
0.007907390594482422
0.00821375846862793
0.023086071014404297
0.016772747039794922
0.016386032104492188
0.012656211853027344
0.008955001831054688
0.008279800415039062
0.006902217864990234
0.0073015689849853516
0.0069959163665771484
0.007375001907348633
0.006357431411743164
0.0072367191314697266
0.008804798126220703
0.006494283676147461
0.007298469543457031
0.007012605667114258
0.007327079772949219
0.006735563278198242
0.009170293807983398
0.007894039154052734
0.007242679595947266
0.007237434387207031
0.007215261459350586
0.00718379020690918
0.00713801383972168
0.010588645935058594
0.007075786590576172
0.009427070617675781
0.008092164993286133
0.009960412979125977
0.007332563400268555
0.008634805679321289
0.008422613143920898
0.006930112838745117
0.007837533950805664
0.0071413516998291016
0.007216215133666992
0.007272243499755859
0.008565425872802734
0.006693840026855469
0.007045269012451172
0.007094144821166992
0.008614778518676758
0.006982326507568359
0.00644683837890625
0.008791685104370117
0.04614377021789551
0.029034137725830078
0.01761317253112793
0.013315916061401367
0.010349750518798828
0.008907556533813477
0.00836801528930664
0.00905609130859375
0.006381511688232422
0.007145881652832031
0.008697509765625
0.006809711456298828
0.007231950759887695
