0.009183406829833984
0.006749629974365234
0.007093667984008789
0.006726980209350586
0.0075092315673828125
0.006774187088012695
0.007524967193603516
0.010004758834838867
0.010666131973266602
0.008298397064208984
0.007317781448364258
0.0069026947021484375
0.009015560150146484
0.007581472396850586
0.009354829788208008
0.008758068084716797
0.008658885955810547
0.007244586944580078
0.007558584213256836
0.007460832595825195
0.0062863826751708984
0.00746607780456543
0.0071904659271240234
0.007225990295410156
0.007406711578369141
0.007418155670166016
0.007397651672363281
0.006288290023803711
0.007302522659301758
0.006641864776611328
0.0061664581298828125
0.006613254547119141
0.008856534957885742
0.00760197639465332
0.036978960037231445
0.022063493728637695
0.019653797149658203
0.015216588973999023
0.011810302734375
0.010542631149291992
0.008097648620605469
0.007695198059082031
0.007985830307006836
0.0067331790924072266
0.0069179534912109375
0.0075032711029052734
0.00659632682800293
0.00656580924987793
0.008116483688354492
0.006766319274902344
0.006552219390869141
0.007182598114013672
0.007399797439575195
0.0065653324127197266
0.007372856140136719
0.00820779800415039
0.008228063583374023
0.006909608840942383
0.00675654411315918
0.021863222122192383
0.0247347354888916
0.015316009521484375
0.012601375579833984
0.009951591491699219
0.008593559265136719
0.006273508071899414
0.00706934928894043
0.007314920425415039
0.00676274299621582
0.00932765007019043
0.00729680061340332
0.008770942687988281
0.006691932678222656
0.02255392074584961
0.014903783798217773
0.011078357696533203
0.009755373001098633
0.010631084442138672
0.008382558822631836
0.008907794952392578
0.007262468338012695
0.0070421695709228516
0.007953166961669922
0.0071375370025634766
0.007697582244873047
0.0073070526123046875
0.007067441940307617
0.006766319274902344
0.009115934371948242
0.0070781707763671875
0.006730556488037109
0.007068634033203125
0.03246283531188965
0.02200460433959961
0.020484209060668945
0.013780832290649414
0.010809898376464844
0.010478019714355469
0.008488655090332031
0.007115840911865234
