0.0007646083831787109
5.7220458984375e-06
0.0008707046508789062
5.9604644775390625e-06
0.0007100105285644531
5.245208740234375e-06
0.001123666763305664
4.76837158203125e-06
0.0009329319000244141
5.7220458984375e-06
0.0005974769592285156
5.9604644775390625e-06
0.00064849853515625
4.5299530029296875e-06
0.0006518363952636719
5.7220458984375e-06
0.0005578994750976562
6.198883056640625e-06
0.00064849853515625
5.0067901611328125e-06
0.0006308555603027344
5.245208740234375e-06
0.0005021095275878906
6.198883056640625e-06
0.000568389892578125
5.4836273193359375e-06
0.0008122920989990234
5.7220458984375e-06
0.0006346702575683594
5.0067901611328125e-06
0.0006203651428222656
5.4836273193359375e-06
0.0006413459777832031
5.4836273193359375e-06
0.0005102157592773438
5.9604644775390625e-06
0.0008065700531005859
6.67572021484375e-06
0.0010616779327392578
5.7220458984375e-06
0.0008826255798339844
6.198883056640625e-06
0.0006518363952636719
1.1682510375976562e-05
0.0007548332214355469
8.821487426757812e-06
0.0006592273712158203
5.4836273193359375e-06
0.0009822845458984375
5.7220458984375e-06
0.0007889270782470703
4.76837158203125e-06
0.0006461143493652344
5.4836273193359375e-06
0.0009129047393798828
5.245208740234375e-06
0.0008718967437744141
5.7220458984375e-06
0.0013055801391601562
6.198883056640625e-06
0.0007345676422119141
6.198883056640625e-06
0.0006823539733886719
5.7220458984375e-06
0.0006639957427978516
5.7220458984375e-06
0.0005154609680175781
5.4836273193359375e-06
0.0005893707275390625
7.152557373046875e-06
0.0005993843078613281
8.106231689453125e-06
0.0007443428039550781
9.059906005859375e-06
0.0006384849548339844
4.76837158203125e-06
0.0007736682891845703
5.4836273193359375e-06
0.0007104873657226562
5.7220458984375e-06
0.0006384849548339844
5.245208740234375e-06
0.0005536079406738281
5.7220458984375e-06
0.0006587505340576172
5.0067901611328125e-06
0.0005559921264648438
5.245208740234375e-06
0.000835418701171875
7.62939453125e-06
0.0009212493896484375
5.9604644775390625e-06
0.0005004405975341797
5.7220458984375e-06
0.0005242824554443359
5.9604644775390625e-06
0.0005757808685302734
6.4373016357421875e-06
0.0006289482116699219
5.4836273193359375e-06
