0.00763392448425293
0.011080026626586914
0.0076143741607666016
0.008192062377929688
0.008873224258422852
0.007364034652709961
0.0077817440032958984
0.010329723358154297
0.01124119758605957
0.007308483123779297
0.010709524154663086
0.009885549545288086
0.01181936264038086
0.009413480758666992
0.008419513702392578
0.009500503540039062
0.009271383285522461
0.00653529167175293
0.007812738418579102
0.009775161743164062
0.007971763610839844
0.008113861083984375
0.009160518646240234
0.01006627082824707
0.007735490798950195
0.007723331451416016
0.009115219116210938
0.007116079330444336
0.007080078125
0.0067293643951416016
0.007710456848144531
0.007102251052856445
0.006438016891479492
0.04143786430358887
0.027233362197875977
0.018224239349365234
0.013782262802124023
0.012020349502563477
0.009086847305297852
0.008778572082519531
0.008410215377807617
0.006666660308837891
0.007009744644165039
0.007105350494384766
0.006950855255126953
0.0068361759185791016
0.007404804229736328
0.009042501449584961
0.008014202117919922
0.0073544979095458984
0.00759434700012207
0.007019519805908203
0.0069539546966552734
0.0069386959075927734
0.008599281311035156
0.00761103630065918
0.008353233337402344
0.007068634033203125
0.007256507873535156
0.009351015090942383
0.009667634963989258
0.009842872619628906
0.007934808731079102
0.0072479248046875
0.0207977294921875
0.018563032150268555
0.013255596160888672
0.010596036911010742
0.008256912231445312
0.009205818176269531
0.007542133331298828
0.006551265716552734
0.007418632507324219
0.00762486457824707
0.006849527359008789
0.007242441177368164
0.009134531021118164
0.008718013763427734
0.007123708724975586
0.0073854923248291016
0.0073854923248291016
0.007788181304931641
0.007005453109741211
0.008663415908813477
0.0071544647216796875
0.00704646110534668
0.007509946823120117
0.010832071304321289
0.007535696029663086
0.009994983673095703
0.0074596405029296875
0.007035732269287109
0.009427309036254883
0.00690460205078125
0.00822138786315918
0.009874105453491211
0.009584903717041016
0.0067446231842041016
0.008492708206176758
0.008833169937133789
