0.0006241798400878906
5.7220458984375e-06
0.0007190704345703125
4.291534423828125e-06
0.0009183883666992188
5.245208740234375e-06
0.0011799335479736328
8.58306884765625e-06
0.001031637191772461
5.4836273193359375e-06
0.0005862712860107422
7.152557373046875e-06
0.0006735324859619141
5.4836273193359375e-06
0.0005614757537841797
4.76837158203125e-06
0.0007064342498779297
5.0067901611328125e-06
0.0006270408630371094
5.4836273193359375e-06
0.0005385875701904297
5.7220458984375e-06
0.0007150173187255859
7.152557373046875e-06
0.0008637905120849609
5.7220458984375e-06
0.0006151199340820312
5.4836273193359375e-06
0.0005769729614257812
5.7220458984375e-06
0.000492095947265625
5.9604644775390625e-06
0.00061798095703125
5.245208740234375e-06
0.0005886554718017578
5.7220458984375e-06
0.0007445812225341797
5.0067901611328125e-06
0.001054525375366211
5.245208740234375e-06
0.0005671977996826172
5.9604644775390625e-06
0.0009710788726806641
7.3909759521484375e-06
0.0007884502410888672
5.9604644775390625e-06
0.0006167888641357422
7.62939453125e-06
0.0006442070007324219
5.7220458984375e-06
0.0007331371307373047
5.0067901611328125e-06
0.0006537437438964844
5.4836273193359375e-06
0.0008156299591064453
6.9141387939453125e-06
0.0006573200225830078
5.4836273193359375e-06
0.0007700920104980469
7.867813110351562e-06
0.0009305477142333984
1.0013580322265625e-05
0.0005676746368408203
5.4836273193359375e-06
0.0005991458892822266
6.9141387939453125e-06
0.0005640983581542969
8.821487426757812e-06
0.0005705356597900391
5.245208740234375e-06
0.0005328655242919922
5.4836273193359375e-06
0.0006277561187744141
9.298324584960938e-06
0.0005223751068115234
5.7220458984375e-06
0.0008168220520019531
5.4836273193359375e-06
0.0012469291687011719
7.3909759521484375e-06
0.0005817413330078125
5.9604644775390625e-06
0.0005214214324951172
5.9604644775390625e-06
0.000637054443359375
6.9141387939453125e-06
0.0006120204925537109
5.7220458984375e-06
0.0006749629974365234
7.152557373046875e-06
0.0006537437438964844
7.3909759521484375e-06
0.0006930828094482422
5.9604644775390625e-06
0.0010101795196533203
4.76837158203125e-06
0.0006999969482421875
5.4836273193359375e-06
0.0007622241973876953
5.9604644775390625e-06
