0.0006709098815917969
5.9604644775390625e-06
0.0006895065307617188
9.5367431640625e-06
0.0006992816925048828
6.198883056640625e-06
0.0005488395690917969
5.9604644775390625e-06
0.0006000995635986328
1.049041748046875e-05
0.0007326602935791016
5.245208740234375e-06
0.0006952285766601562
5.0067901611328125e-06
0.0006086826324462891
5.7220458984375e-06
0.0006453990936279297
5.7220458984375e-06
0.0009682178497314453
5.9604644775390625e-06
0.0006794929504394531
6.9141387939453125e-06
0.0005857944488525391
6.198883056640625e-06
0.0008809566497802734
1.0967254638671875e-05
0.0006105899810791016
6.198883056640625e-06
0.03769731521606445
9.059906005859375e-06
0.0006835460662841797
6.9141387939453125e-06
0.0008251667022705078
5.0067901611328125e-06
0.0007653236389160156
6.198883056640625e-06
0.0008740425109863281
5.0067901611328125e-06
0.0005497932434082031
6.4373016357421875e-06
0.0005910396575927734
7.867813110351562e-06
0.0008575916290283203
5.7220458984375e-06
0.0005028247833251953
8.344650268554688e-06
0.0008511543273925781
0.0001697540283203125
0.0005900859832763672
5.0067901611328125e-06
0.0005931854248046875
8.821487426757812e-06
0.0008187294006347656
8.821487426757812e-06
0.0006546974182128906
7.867813110351562e-06
0.0006422996520996094
6.198883056640625e-06
0.0009987354278564453
5.9604644775390625e-06
0.0010879039764404297
5.4836273193359375e-06
0.0007562637329101562
5.9604644775390625e-06
0.0010654926300048828
6.9141387939453125e-06
0.0007083415985107422
6.198883056640625e-06
0.0006911754608154297
5.245208740234375e-06
0.0007724761962890625
6.198883056640625e-06
0.0010232925415039062
7.867813110351562e-06
0.0006520748138427734
5.9604644775390625e-06
0.0007236003875732422
6.198883056640625e-06
0.0007815361022949219
5.4836273193359375e-06
0.0005664825439453125
8.821487426757812e-06
0.000865936279296875
5.4836273193359375e-06
0.0010213851928710938
7.62939453125e-06
0.0006520748138427734
5.9604644775390625e-06
0.0007624626159667969
3.5762786865234375e-05
0.0006296634674072266
5.0067901611328125e-06
0.0006363391876220703
5.4836273193359375e-06
0.0006279945373535156
6.9141387939453125e-06
0.0005462169647216797
7.3909759521484375e-06
0.0005514621734619141
2.8371810913085938e-05
