0.007150173187255859
0.007034778594970703
0.006651401519775391
0.006887674331665039
0.007288455963134766
0.006519317626953125
0.007193326950073242
0.01096343994140625
0.007436275482177734
0.02182602882385254
0.016473770141601562
0.01179647445678711
0.01215815544128418
0.009068965911865234
0.009438753128051758
0.009689092636108398
0.006772756576538086
0.007161617279052734
0.007009267807006836
0.006790876388549805
0.008747339248657227
0.008055448532104492
0.007165670394897461
0.008219003677368164
0.007499217987060547
0.006658315658569336
0.007372856140136719
0.009128570556640625
0.006851911544799805
0.00812387466430664
0.007999897003173828
0.006920814514160156
0.007425546646118164
0.008862018585205078
0.007437229156494141
0.008240699768066406
0.00833439826965332
0.007865667343139648
0.0066144466400146484
0.007239818572998047
0.007626771926879883
0.006967782974243164
0.007547140121459961
0.008260965347290039
0.007640838623046875
0.007560014724731445
0.007654428482055664
0.00880289077758789
0.0069179534912109375
0.007046937942504883
0.008979082107543945
0.007994413375854492
0.0065882205963134766
0.008764505386352539
0.006680011749267578
0.006971836090087891
0.007009267807006836
0.007036685943603516
0.010763168334960938
0.01229548454284668
0.007646322250366211
0.006780147552490234
0.0075016021728515625
0.0072209835052490234
0.007118701934814453
0.0074689388275146484
0.009036779403686523
0.0073680877685546875
0.007050514221191406
0.007450580596923828
0.010227680206298828
0.008719444274902344
0.008781909942626953
0.00895380973815918
0.007245063781738281
0.006420612335205078
0.007326364517211914
0.007470607757568359
0.009848833084106445
0.006740093231201172
0.006855964660644531
0.007047176361083984
0.007241487503051758
0.007163524627685547
0.007818222045898438
0.007910013198852539
0.006541013717651367
0.006638050079345703
0.006827592849731445
0.006227731704711914
0.008156299591064453
0.008522748947143555
0.007319927215576172
0.0077533721923828125
0.007256031036376953
0.009270668029785156
0.007686138153076172
0.007744789123535156
0.008673667907714844
0.007132530212402344
