0.0006849765777587891
5.245208740234375e-06
0.0009336471557617188
5.9604644775390625e-06
0.0009362697601318359
5.7220458984375e-06
0.0006566047668457031
5.245208740234375e-06
0.0007505416870117188
4.76837158203125e-06
0.0006086826324462891
8.58306884765625e-06
0.0005655288696289062
5.9604644775390625e-06
0.001062154769897461
6.9141387939453125e-06
0.0005993843078613281
5.9604644775390625e-06
0.0005617141723632812
5.7220458984375e-06
0.0005197525024414062
5.7220458984375e-06
0.0007498264312744141
7.867813110351562e-06
0.0005309581756591797
5.7220458984375e-06
0.0009000301361083984
5.7220458984375e-06
0.00090789794921875
5.4836273193359375e-06
0.0006582736968994141
5.7220458984375e-06
0.0007023811340332031
7.3909759521484375e-06
0.0007073879241943359
7.152557373046875e-06
0.0011439323425292969
5.9604644775390625e-06
0.0007069110870361328
5.9604644775390625e-06
0.0005779266357421875
5.9604644775390625e-06
0.0022728443145751953
5.4836273193359375e-06
0.0007982254028320312
5.245208740234375e-06
0.0005960464477539062
6.9141387939453125e-06
0.0006816387176513672
7.152557373046875e-06
0.0007810592651367188
6.67572021484375e-06
0.0008816719055175781
5.7220458984375e-06
0.0006697177886962891
8.106231689453125e-06
0.0006215572357177734
5.4836273193359375e-06
0.0006673336029052734
5.9604644775390625e-06
0.0006227493286132812
1.1205673217773438e-05
0.0005946159362792969
5.7220458984375e-06
0.0007297992706298828
5.4836273193359375e-06
0.0005459785461425781
5.9604644775390625e-06
0.0008721351623535156
8.106231689453125e-06
0.0006382465362548828
5.245208740234375e-06
0.0004932880401611328
5.4836273193359375e-06
0.0006005764007568359
7.152557373046875e-06
0.0007596015930175781
5.7220458984375e-06
0.000614166259765625
5.9604644775390625e-06
0.0005888938903808594
5.9604644775390625e-06
0.0015597343444824219
5.245208740234375e-06
0.0007243156433105469
7.3909759521484375e-06
0.0008113384246826172
8.58306884765625e-06
0.0005757808685302734
5.4836273193359375e-06
0.0005321502685546875
4.76837158203125e-06
0.0005595684051513672
7.3909759521484375e-06
0.0005927085876464844
5.7220458984375e-06
0.0004870891571044922
9.059906005859375e-06
0.0005002021789550781
9.298324584960938e-06
