0.0068929195404052734
0.007803201675415039
0.007558107376098633
0.006939411163330078
0.007071018218994141
0.006760835647583008
0.007564544677734375
0.024455547332763672
0.019891977310180664
0.017627239227294922
0.01103520393371582
0.010016441345214844
0.007531404495239258
0.007875204086303711
0.007899045944213867
0.011599540710449219
0.010032176971435547
0.006323814392089844
0.0065920352935791016
0.008182048797607422
0.008595466613769531
0.00747227668762207
0.0067517757415771484
0.006765127182006836
0.00902557373046875
0.008524417877197266
0.008748054504394531
0.00711822509765625
0.007925987243652344
0.00695490837097168
0.0071563720703125
0.008490800857543945
0.00673675537109375
0.008312702178955078
0.007452964782714844
0.007115602493286133
0.007060527801513672
0.006749629974365234
0.0074160099029541016
0.0076940059661865234
0.007106781005859375
0.0064847469329833984
0.007208108901977539
0.007508754730224609
0.006672859191894531
0.008897542953491211
0.009018898010253906
0.0065348148345947266
0.0065381526947021484
0.006708383560180664
0.008118152618408203
0.007537364959716797
0.007238149642944336
0.007153987884521484
0.00826263427734375
0.008631229400634766
0.006771087646484375
0.007323503494262695
0.007421255111694336
0.0081787109375
0.007226705551147461
0.007937192916870117
0.007127046585083008
0.006948709487915039
0.00743412971496582
0.006796598434448242
0.007245779037475586
0.00675201416015625
0.007198810577392578
0.006430864334106445
0.01162576675415039
0.008662939071655273
0.008265256881713867
0.007251739501953125
0.006658077239990234
0.008098602294921875
0.007263898849487305
0.006785154342651367
0.009007453918457031
0.007500410079956055
0.00662541389465332
0.006751537322998047
0.007834911346435547
0.009269952774047852
0.006709098815917969
0.007000446319580078
0.007385730743408203
0.006815433502197266
0.007385730743408203
0.007236957550048828
0.007250070571899414
0.006769418716430664
0.006631374359130859
0.006500244140625
0.006659984588623047
0.007407426834106445
0.024899721145629883
0.015380859375
0.014725446701049805
0.009991884231567383
