0.0006866455078125
6.198883056640625e-06
0.0005660057067871094
5.4836273193359375e-06
0.0007212162017822266
7.867813110351562e-06
0.0006136894226074219
5.245208740234375e-06
0.0010993480682373047
6.198883056640625e-06
0.0004470348358154297
6.198883056640625e-06
0.0005245208740234375
5.245208740234375e-06
0.0005815029144287109
4.5299530029296875e-06
0.0005123615264892578
5.7220458984375e-06
0.0005590915679931641
5.245208740234375e-06
0.000629425048828125
5.4836273193359375e-06
0.0005011558532714844
4.5299530029296875e-06
0.0007295608520507812
6.198883056640625e-06
0.0008487701416015625
5.0067901611328125e-06
0.0005204677581787109
4.5299530029296875e-06
0.0004858970642089844
5.7220458984375e-06
0.0005972385406494141
5.245208740234375e-06
0.0011107921600341797
5.4836273193359375e-06
0.0006480216979980469
6.67572021484375e-06
0.000484466552734375
4.76837158203125e-06
0.0008950233459472656
5.4836273193359375e-06
0.0005495548248291016
5.245208740234375e-06
0.0005092620849609375
5.4836273193359375e-06
0.0005817413330078125
4.76837158203125e-06
0.0006206035614013672
5.7220458984375e-06
0.0008099079132080078
4.5299530029296875e-06
0.00049591064453125
4.76837158203125e-06
0.0006804466247558594
6.67572021484375e-06
0.0005998611450195312
7.152557373046875e-06
0.00061798095703125
5.4836273193359375e-06
0.0006060600280761719
5.4836273193359375e-06
0.0005576610565185547
4.76837158203125e-06
0.0009229183197021484
5.4836273193359375e-06
0.0006773471832275391
5.0067901611328125e-06
0.0009920597076416016
5.4836273193359375e-06
0.0006010532379150391
5.7220458984375e-06
0.0005705356597900391
5.9604644775390625e-06
0.0005476474761962891
6.4373016357421875e-06
0.0006163120269775391
6.198883056640625e-06
0.0006098747253417969
5.0067901611328125e-06
0.000732421875
4.76837158203125e-06
0.0006015300750732422
5.245208740234375e-06
0.001068115234375
5.4836273193359375e-06
0.0005853176116943359
5.7220458984375e-06
0.0007367134094238281
5.4836273193359375e-06
0.0005071163177490234
6.4373016357421875e-06
0.0006694793701171875
5.4836273193359375e-06
0.0004706382751464844
7.152557373046875e-06
0.0005066394805908203
4.5299530029296875e-06
0.0009331703186035156
5.0067901611328125e-06
