0.0006620883941650391
5.245208740234375e-06
0.0007596015930175781
8.106231689453125e-06
0.0005319118499755859
7.3909759521484375e-06
0.0005397796630859375
5.4836273193359375e-06
0.0007195472717285156
4.482269287109375e-05
0.0006716251373291016
5.4836273193359375e-06
0.0005884170532226562
1.1444091796875e-05
0.0005397796630859375
5.9604644775390625e-06
0.0005793571472167969
8.58306884765625e-06
0.0012853145599365234
5.0067901611328125e-06
0.0008342266082763672
7.3909759521484375e-06
0.0009541511535644531
8.821487426757812e-06
0.0005950927734375
5.245208740234375e-06
0.0007479190826416016
5.7220458984375e-06
0.0005469322204589844
5.0067901611328125e-06
0.0011751651763916016
7.62939453125e-06
0.0006461143493652344
6.198883056640625e-06
0.0007448196411132812
5.7220458984375e-06
0.0007145404815673828
5.7220458984375e-06
0.0005815029144287109
5.0067901611328125e-06
0.0008029937744140625
5.4836273193359375e-06
0.0005576610565185547
5.4836273193359375e-06
0.0008149147033691406
5.7220458984375e-06
0.0005927085876464844
5.7220458984375e-06
0.0007369518280029297
5.245208740234375e-05
0.0009174346923828125
5.245208740234375e-06
0.0007011890411376953
5.9604644775390625e-06
0.0010323524475097656
7.3909759521484375e-06
0.001001596450805664
7.152557373046875e-06
0.0006256103515625
8.821487426757812e-06
0.0005860328674316406
6.67572021484375e-06
0.0006146430969238281
5.245208740234375e-06
0.0004913806915283203
5.9604644775390625e-06
0.0005502700805664062
6.4373016357421875e-06
0.00052642822265625
5.9604644775390625e-06
0.0005426406860351562
5.9604644775390625e-06
0.00047707557678222656
8.821487426757812e-06
0.0005462169647216797
7.152557373046875e-06
0.0023832321166992188
7.62939453125e-06
0.001108407974243164
9.775161743164062e-06
0.0007300376892089844
5.7220458984375e-06
0.0005400180816650391
6.4373016357421875e-06
0.0009250640869140625
6.67572021484375e-06
0.0004863739013671875
8.106231689453125e-06
0.0015842914581298828
7.867813110351562e-06
0.0006568431854248047
5.9604644775390625e-06
0.001092672348022461
6.198883056640625e-06
0.0008671283721923828
7.867813110351562e-06
0.0005297660827636719
5.888938903808594e-05
0.0005290508270263672
5.9604644775390625e-06
