0.0015246868133544922
5.245208740234375e-06
0.002424478530883789
7.62939453125e-06
0.0015835762023925781
8.58306884765625e-06
0.0009350776672363281
5.245208740234375e-06
0.0011665821075439453
5.245208740234375e-06
0.0018486976623535156
1.1205673217773438e-05
0.002368927001953125
8.106231689453125e-06
0.0010464191436767578
5.4836273193359375e-06
0.0012431144714355469
7.62939453125e-06
0.0009315013885498047
6.198883056640625e-06
0.0011944770812988281
7.62939453125e-06
0.0011014938354492188
6.4373016357421875e-06
0.0010938644409179688
5.9604644775390625e-06
0.001577615737915039
7.62939453125e-06
0.001287221908569336
5.4836273193359375e-06
0.0009610652923583984
6.9141387939453125e-06
0.0015139579772949219
6.67572021484375e-06
0.0012447834014892578
5.245208740234375e-06
0.001081705093383789
5.0067901611328125e-06
0.0010912418365478516
5.9604644775390625e-06
0.0014357566833496094
4.5299530029296875e-06
0.0013089179992675781
8.344650268554688e-06
0.0014388561248779297
6.67572021484375e-06
0.0013227462768554688
9.5367431640625e-06
0.0016796588897705078
8.344650268554688e-06
0.0010464191436767578
7.62939453125e-06
0.0008952617645263672
8.344650268554688e-06
0.001241922378540039
5.4836273193359375e-06
0.0010979175567626953
6.4373016357421875e-06
0.001544952392578125
5.7220458984375e-06
0.0008189678192138672
5.9604644775390625e-06
0.0014231204986572266
8.106231689453125e-06
0.0008935928344726562
8.821487426757812e-06
0.0010006427764892578
5.0067901611328125e-06
0.0011479854583740234
8.106231689453125e-06
0.0011548995971679688
6.198883056640625e-06
0.0008280277252197266
8.344650268554688e-06
0.0011720657348632812
5.0067901611328125e-06
0.001397848129272461
5.9604644775390625e-06
0.0010867118835449219
7.867813110351562e-06
0.0019490718841552734
6.67572021484375e-06
0.0013873577117919922
5.0067901611328125e-06
0.0008366107940673828
6.4373016357421875e-06
0.0007889270782470703
7.62939453125e-06
0.0010738372802734375
6.4373016357421875e-06
0.0014750957489013672
5.7220458984375e-06
0.0015583038330078125
5.245208740234375e-06
0.00109100341796875
5.245208740234375e-06
0.0015397071838378906
5.9604644775390625e-06
0.0010342597961425781
6.9141387939453125e-06
