0.0007109642028808594
5.4836273193359375e-06
0.0005846023559570312
6.67572021484375e-06
0.0006821155548095703
7.3909759521484375e-06
0.0007593631744384766
7.152557373046875e-06
0.0005984306335449219
7.3909759521484375e-06
0.0006463527679443359
7.62939453125e-06
0.0007712841033935547
5.7220458984375e-06
0.0010671615600585938
5.9604644775390625e-06
0.0009443759918212891
5.9604644775390625e-06
0.0006926059722900391
5.4836273193359375e-06
0.0006825923919677734
5.0067901611328125e-05
0.0006732940673828125
6.67572021484375e-06
0.0005962848663330078
5.4836273193359375e-06
0.0006198883056640625
6.4373016357421875e-06
0.0005512237548828125
4.00543212890625e-05
0.0008122920989990234
6.4373016357421875e-06
0.0008525848388671875
7.3909759521484375e-06
0.00106048583984375
5.9604644775390625e-06
0.0006558895111083984
5.7220458984375e-06
0.0005564689636230469
5.7220458984375e-06
0.0007255077362060547
7.152557373046875e-06
0.0007545948028564453
7.867813110351562e-06
0.0006952285766601562
5.9604644775390625e-06
0.0009295940399169922
5.7220458984375e-06
0.0006177425384521484
5.7220458984375e-06
0.0007383823394775391
5.7220458984375e-06
0.0006461143493652344
5.9604644775390625e-06
0.0006711483001708984
8.344650268554688e-06
0.0006651878356933594
5.7220458984375e-06
0.0009105205535888672
6.198883056640625e-06
0.0009946823120117188
8.344650268554688e-06
0.00066375732421875
6.4373016357421875e-06
0.0005908012390136719
5.7220458984375e-06
0.0009200572967529297
5.4836273193359375e-06
0.0005440711975097656
8.344650268554688e-06
0.0005867481231689453
7.62939453125e-06
0.0007982254028320312
6.198883056640625e-06
0.0016145706176757812
5.9604644775390625e-06
0.0005593299865722656
6.4373016357421875e-06
0.0005970001220703125
5.9604644775390625e-06
0.001394033432006836
5.7220458984375e-06
0.0005400180816650391
5.9604644775390625e-06
0.0010898113250732422
5.9604644775390625e-06
0.0007033348083496094
5.245208740234375e-06
0.0006611347198486328
9.059906005859375e-06
0.0009591579437255859
6.198883056640625e-06
0.0007684230804443359
6.198883056640625e-06
0.0004944801330566406
5.7220458984375e-06
0.0005218982696533203
8.58306884765625e-06
0.000518798828125
6.9141387939453125e-06
