0.006347179412841797
0.008508920669555664
0.010085344314575195
0.006794929504394531
0.02261185646057129
0.020488262176513672
0.013309240341186523
0.014199495315551758
0.008540630340576172
0.008434295654296875
0.009611129760742188
0.006810903549194336
0.006871700286865234
0.006552934646606445
0.009406089782714844
0.008394956588745117
0.006799459457397461
0.0068590641021728516
0.006909370422363281
0.0067272186279296875
0.030198097229003906
0.017722606658935547
0.013283014297485352
0.014211416244506836
0.009536981582641602
0.007191658020019531
0.008852720260620117
0.007907867431640625
0.009149789810180664
0.007182121276855469
0.0070247650146484375
0.006422758102416992
0.007163047790527344
0.006868600845336914
0.0071179866790771484
0.007397890090942383
0.006868839263916016
0.007965087890625
0.0070514678955078125
0.006285667419433594
0.007228851318359375
0.01086115837097168
0.009201765060424805
0.006966114044189453
0.01605677604675293
0.014586925506591797
0.007565021514892578
0.008613109588623047
0.00796198844909668
0.009369850158691406
0.007188320159912109
0.008059024810791016
0.006980180740356445
0.007495403289794922
0.007297515869140625
0.007082700729370117
0.009730339050292969
0.007845640182495117
0.009289979934692383
0.00805211067199707
0.007675647735595703
0.010378599166870117
0.007797956466674805
0.0066034793853759766
0.008039712905883789
0.006379604339599609
0.007529735565185547
0.0072078704833984375
0.015031099319458008
0.010098457336425781
0.008158206939697266
0.01273655891418457
0.008271932601928711
0.008213996887207031
0.0076100826263427734
0.007648944854736328
0.006719827651977539
0.007498741149902344
0.008613824844360352
0.007226705551147461
0.007303476333618164
0.021777629852294922
0.016263723373413086
0.010980844497680664
0.010240793228149414
0.010280609130859375
0.009774923324584961
0.007639646530151367
0.020748615264892578
0.0208590030670166
0.015486717224121094
0.009389400482177734
0.006586313247680664
0.007704973220825195
0.009203195571899414
0.0073893070220947266
0.0067636966705322266
0.007998228073120117
0.007441043853759766
0.00818014144897461
