0.006666898727416992
0.00713801383972168
0.007569074630737305
0.007554292678833008
0.007029056549072266
0.006473064422607422
0.007577419281005859
0.007104396820068359
0.006974220275878906
0.00668644905090332
0.007967948913574219
0.00771641731262207
0.007521390914916992
0.007948875427246094
0.00692439079284668
0.0067903995513916016
0.0218198299407959
0.01627349853515625
0.01354217529296875
0.009767532348632812
0.010619640350341797
0.007407665252685547
0.0071527957916259766
0.008363008499145508
0.0071866512298583984
0.006374835968017578
0.006913900375366211
0.007056713104248047
0.006680011749267578
0.006670713424682617
0.008325576782226562
0.011103153228759766
0.0069921016693115234
0.00738072395324707
0.007299661636352539
0.006464958190917969
0.006906270980834961
0.00833582878112793
0.006845712661743164
0.007737636566162109
0.0071256160736083984
0.008507728576660156
0.007066488265991211
0.006305217742919922
0.007677793502807617
0.007089853286743164
0.007642269134521484
0.0065538883209228516
0.009003400802612305
0.006719827651977539
0.00687861442565918
0.00735163688659668
0.0074388980865478516
0.006360769271850586
0.006704568862915039
0.008245468139648438
0.0066335201263427734
0.0065686702728271484
0.0073451995849609375
0.00723576545715332
0.006575822830200195
0.03702116012573242
0.02416229248046875
0.01684284210205078
0.01226949691772461
0.010509729385375977
0.010711669921875
0.00764775276184082
0.006523847579956055
0.007058858871459961
0.007201433181762695
0.009646415710449219
0.00765681266784668
0.010087251663208008
0.006957292556762695
0.00715327262878418
0.011729001998901367
0.007233619689941406
0.007218122482299805
0.006511211395263672
0.0073664188385009766
0.007378816604614258
0.007274150848388672
0.009472370147705078
0.006989479064941406
0.0072443485260009766
0.010279417037963867
0.00845026969909668
0.007145881652832031
0.021648645401000977
0.01621723175048828
0.01340794563293457
0.013599872589111328
0.008233308792114258
0.008188724517822266
0.0067708492279052734
0.006911754608154297
0.007645606994628906
0.009722232818603516
0.007573366165161133
