0.0012204647064208984
6.198883056640625e-06
0.0005993843078613281
5.245208740234375e-06
0.0006389617919921875
5.245208740234375e-06
0.001683950424194336
7.152557373046875e-06
0.0007390975952148438
8.821487426757812e-06
0.0011408329010009766
6.9141387939453125e-06
0.0006284713745117188
7.62939453125e-06
0.0012500286102294922
8.58306884765625e-06
0.0008444786071777344
6.67572021484375e-06
0.0009448528289794922
9.298324584960938e-06
0.0008451938629150391
1.2159347534179688e-05
0.0009303092956542969
5.9604644775390625e-06
0.002041339874267578
7.3909759521484375e-06
0.0007047653198242188
6.198883056640625e-06
0.0014233589172363281
7.62939453125e-06
0.0011904239654541016
7.62939453125e-06
0.0016019344329833984
6.67572021484375e-06
0.0018393993377685547
8.106231689453125e-06
0.0009512901306152344
5.9604644775390625e-06
0.002398967742919922
6.67572021484375e-06
0.0008270740509033203
8.106231689453125e-06
0.0010590553283691406
7.62939453125e-06
0.0009543895721435547
5.9604644775390625e-06
0.0013124942779541016
5.9604644775390625e-06
0.0008122920989990234
6.4373016357421875e-06
0.001119852066040039
7.152557373046875e-06
0.0012900829315185547
5.9604644775390625e-06
0.0010771751403808594
5.7220458984375e-06
0.003359079360961914
6.198883056640625e-06
0.0008804798126220703
9.298324584960938e-06
0.0014011859893798828
7.152557373046875e-06
0.0014691352844238281
9.5367431640625e-06
0.001314401626586914
6.4373016357421875e-06
0.0012369155883789062
6.198883056640625e-06
0.001020669937133789
7.867813110351562e-06
0.0008697509765625
8.821487426757812e-06
0.001110076904296875
7.3909759521484375e-06
0.0010156631469726562
6.198883056640625e-06
0.0010943412780761719
5.4836273193359375e-06
0.0013089179992675781
8.58306884765625e-06
0.0015134811401367188
5.9604644775390625e-06
0.0007317066192626953
5.7220458984375e-06
0.0007832050323486328
6.198883056640625e-06
0.0018856525421142578
8.344650268554688e-05
0.0019099712371826172
8.106231689453125e-06
0.0024538040161132812
1.239776611328125e-05
0.0009479522705078125
7.867813110351562e-06
0.0008575916290283203
5.9604644775390625e-06
0.0017375946044921875
4.5299530029296875e-06
0.0007610321044921875
3.933906555175781e-05
