0.017128467559814453
0.011540412902832031
0.010448455810546875
0.008889913558959961
0.007706403732299805
0.006894588470458984
0.007587432861328125
0.006938457489013672
0.006710529327392578
0.006777048110961914
0.009765148162841797
0.007579803466796875
0.006848573684692383
0.00702214241027832
0.007929086685180664
0.007959365844726562
0.00680994987487793
0.00691533088684082
0.007937908172607422
0.006493568420410156
0.007153987884521484
0.008928298950195312
0.006840705871582031
0.006830930709838867
0.006846427917480469
0.007311582565307617
0.007283926010131836
0.00777125358581543
0.0071392059326171875
0.006553173065185547
0.008331298828125
0.0226442813873291
0.017070770263671875
0.015458822250366211
0.012164831161499023
0.010476350784301758
0.007235288619995117
0.007172107696533203
0.008411884307861328
0.006710052490234375
0.006623744964599609
0.007927656173706055
0.007246971130371094
0.006469249725341797
0.0070230960845947266
0.00711822509765625
0.0073089599609375
0.006694793701171875
0.025845766067504883
0.018702268600463867
0.012613296508789062
0.010497093200683594
0.010197162628173828
0.008456945419311523
0.006573677062988281
0.00706934928894043
0.006691932678222656
0.009138822555541992
0.007259368896484375
0.0070667266845703125
0.007439374923706055
0.006768703460693359
0.007025003433227539
0.008638858795166016
0.008147478103637695
0.007475376129150391
0.007159709930419922
0.007169246673583984
0.0062634944915771484
0.007009029388427734
0.006460666656494141
0.006690025329589844
0.00665736198425293
0.007186174392700195
0.007117033004760742
0.00695490837097168
0.007357120513916016
0.008552312850952148
0.006486654281616211
0.006516456604003906
0.007357358932495117
0.0072863101959228516
0.009394168853759766
0.007175922393798828
0.009651899337768555
0.006513118743896484
0.006412029266357422
0.006744384765625
0.008810281753540039
0.008260011672973633
0.009652853012084961
0.007651805877685547
0.009278059005737305
0.0069849491119384766
0.006178140640258789
0.0072133541107177734
0.0076372623443603516
0.006689548492431641
0.0066754817962646484
0.009171724319458008
