0.00673985481262207
0.008464813232421875
0.0067157745361328125
0.006551265716552734
0.0069141387939453125
0.007110118865966797
0.0076923370361328125
0.0064203739166259766
0.006955146789550781
0.008400917053222656
0.006887197494506836
0.006748676300048828
0.007219076156616211
0.007415771484375
0.006989240646362305
0.007096052169799805
0.0073282718658447266
0.006702899932861328
0.00877070426940918
0.009327888488769531
0.007528066635131836
0.008846282958984375
0.007257223129272461
0.007395029067993164
0.00973820686340332
0.006945133209228516
0.009422063827514648
0.008091926574707031
0.006596088409423828
0.006880998611450195
0.007755756378173828
0.007662773132324219
0.006879568099975586
0.006713390350341797
0.007090568542480469
0.008610725402832031
0.007228374481201172
0.0067059993743896484
0.009183406829833984
0.009168148040771484
0.009009122848510742
0.006323575973510742
0.007178306579589844
0.00682520866394043
0.008181571960449219
0.007596015930175781
0.007029056549072266
0.006383180618286133
0.009573936462402344
0.007812738418579102
0.007218837738037109
0.007280826568603516
0.007558107376098633
0.006897449493408203
0.0068531036376953125
0.0068264007568359375
0.008848905563354492
0.008786678314208984
0.007031440734863281
0.0071048736572265625
0.0072307586669921875
0.006844520568847656
0.007875442504882812
0.006520509719848633
0.0068705081939697266
0.006464958190917969
0.006713390350341797
0.00748133659362793
0.008795022964477539
0.0064351558685302734
0.006898164749145508
0.006894588470458984
0.006964206695556641
0.0066375732421875
0.007392168045043945
0.008091449737548828
0.006372690200805664
0.006656646728515625
0.00753331184387207
0.02282857894897461
0.019802093505859375
0.01519322395324707
0.010610103607177734
0.008789300918579102
0.007077932357788086
0.008008241653442383
0.007025241851806641
0.007585287094116211
0.0211789608001709
0.016365528106689453
0.011694192886352539
0.01221013069152832
0.008628129959106445
0.008152484893798828
0.008882761001586914
0.006663799285888672
0.007724285125732422
0.007592201232910156
0.007022857666015625
0.0064945220947265625
