0.0006554126739501953
7.3909759521484375e-06
0.000982046127319336
5.4836273193359375e-06
0.0007693767547607422
2.9802322387695312e-05
0.0007104873657226562
5.9604644775390625e-06
0.0007197856903076172
5.7220458984375e-06
0.0007081031799316406
8.106231689453125e-06
0.0007855892181396484
5.4836273193359375e-06
0.0005869865417480469
5.7220458984375e-06
0.0008630752563476562
5.245208740234375e-06
0.0007171630859375
5.245208740234375e-06
0.0013647079467773438
5.245208740234375e-06
0.0008182525634765625
5.4836273193359375e-06
0.0006692409515380859
5.7220458984375e-06
0.0005674362182617188
7.62939453125e-06
0.0007760524749755859
5.4836273193359375e-06
0.0006046295166015625
5.9604644775390625e-06
0.0006730556488037109
7.62939453125e-06
0.0006978511810302734
6.198883056640625e-06
0.0008487701416015625
5.9604644775390625e-06
0.0005705356597900391
6.9141387939453125e-06
0.0005848407745361328
6.9141387939453125e-06
0.000598907470703125
9.5367431640625e-06
0.0008537769317626953
5.4836273193359375e-06
0.0005748271942138672
5.4836273193359375e-06
0.0005574226379394531
5.7220458984375e-06
0.0005238056182861328
5.0067901611328125e-06
0.0005815029144287109
6.198883056640625e-06
0.00054931640625
6.198883056640625e-06
0.0005412101745605469
7.152557373046875e-06
0.0007357597351074219
5.4836273193359375e-06
0.000614166259765625
8.58306884765625e-06
0.0006067752838134766
5.7220458984375e-06
0.0005755424499511719
1.0013580322265625e-05
0.0005359649658203125
5.0067901611328125e-06
0.0012087821960449219
5.9604644775390625e-06
0.00054931640625
6.67572021484375e-06
0.0005538463592529297
5.245208740234375e-06
0.0008664131164550781
5.7220458984375e-06
0.0005781650543212891
5.9604644775390625e-06
0.00074005126953125
6.9141387939453125e-06
0.0008034706115722656
5.4836273193359375e-06
0.0008997917175292969
7.867813110351562e-06
0.0006453990936279297
5.245208740234375e-06
0.0006144046783447266
5.7220458984375e-06
0.000804901123046875
5.4836273193359375e-06
0.0009412765502929688
6.4373016357421875e-06
0.0006368160247802734
6.9141387939453125e-06
0.000644683837890625
5.7220458984375e-06
0.0006451606750488281
6.198883056640625e-06
0.000713348388671875
5.7220458984375e-06
