0.010465621948242188
0.006886720657348633
0.01138448715209961
0.007016181945800781
0.0071582794189453125
0.006633281707763672
0.007582187652587891
0.007307291030883789
0.006654024124145508
0.007136344909667969
0.007555246353149414
0.007506847381591797
0.011674880981445312
0.009410619735717773
0.009044647216796875
0.00962686538696289
0.007792234420776367
0.007031440734863281
0.007254600524902344
0.007516384124755859
0.006984710693359375
0.007119417190551758
0.006883144378662109
0.008078336715698242
0.006917238235473633
0.010510921478271484
0.008657693862915039
0.006876945495605469
0.007858991622924805
0.007426261901855469
0.008141756057739258
0.0065152645111083984
0.007147550582885742
0.007044076919555664
0.0067403316497802734
0.006865262985229492
0.007409095764160156
0.006612062454223633
0.007163524627685547
0.009244680404663086
0.008264303207397461
0.0070989131927490234
0.006603717803955078
0.007161855697631836
0.00706028938293457
0.006955146789550781
0.006987810134887695
0.006668567657470703
0.007645845413208008
0.008666753768920898
0.008208513259887695
0.0066869258880615234
0.006716728210449219
0.006846904754638672
0.008701801300048828
0.009925365447998047
0.011815786361694336
0.0073049068450927734
0.0074481964111328125
0.008193492889404297
0.00737452507019043
0.0069429874420166016
0.007038593292236328
0.01985907554626465
0.018688201904296875
0.014930963516235352
0.013118267059326172
0.009139060974121094
0.00897359848022461
0.008476972579956055
0.009058713912963867
0.007505893707275391
0.006773948669433594
0.006163835525512695
0.007073879241943359
0.006650209426879883
0.007687807083129883
0.006837368011474609
0.007782697677612305
0.007044553756713867
0.006720066070556641
0.0072286128997802734
0.008100032806396484
0.006631374359130859
0.010313272476196289
0.007537841796875
0.007000923156738281
0.008223295211791992
0.00803232192993164
0.007071256637573242
0.007349967956542969
0.007580280303955078
0.0063304901123046875
0.006340980529785156
0.006692409515380859
0.006451845169067383
0.0072286128997802734
0.00792074203491211
0.006938457489013672
0.006524562835693359
